Date      FYGM3     FYGM6     FYGT1     FYGT3     FYGT5    FYGT10         
1959M01      2.82      3.09      3.36      3.91      4.01      4.02         
1959M02       2.7      3.13      3.54      3.92      3.96      3.96         
1959M03       2.8      3.13      3.61      3.97      3.99      3.99         
1959M04      2.95      3.27      3.72      4.03      4.12      4.12         
1959M05      2.84      3.33      3.96      4.25      4.35      4.31         
1959M06      3.21      3.52      4.07      4.52       4.5      4.34         
1959M07       3.2      3.82      4.39       4.6      4.58       4.4         
1959M08      3.38      3.87      4.42       4.6      4.57      4.43         
1959M09      4.04       4.7         5      4.97       4.9      4.68         
1959M10      4.05      4.53       4.8      4.78      4.72      4.53         
1959M11      4.15      4.54      4.81      4.85      4.75      4.53         
1959M12      4.49      4.85      5.14      5.12      5.01      4.69         
1960M01      4.35      4.74      5.03      4.99      4.92      4.72         
1960M02      3.96       4.3      4.66      4.73      4.69      4.49         
1960M03      3.31      3.61      4.02      4.29      4.31      4.25         
1960M04      3.23      3.55      4.04      4.27      4.29      4.28         
1960M05      3.29      3.58      4.21      4.46      4.49      4.35         
1960M06      2.46      2.74      3.36      4.01      4.12      4.15         
1960M07       2.3      2.71       3.2      3.63      3.79       3.9         
1960M08       2.3      2.59      2.95      3.41      3.62       3.8         
1960M09      2.48      2.83      3.07      3.43      3.61       3.8         
1960M10       2.3      2.73      3.04      3.53      3.76      3.89         
1960M11      2.37      2.66      3.08       3.6      3.81      3.93         
1960M12      2.25       2.5      2.86      3.42      3.67      3.84         
1961M01      2.24      2.47      2.81      3.39      3.67      3.84         
1961M02      2.42       2.6      2.93      3.46      3.66      3.78         
1961M03      2.39      2.54      2.88      3.35       3.6      3.74         
1961M04      2.29      2.47      2.88      3.33      3.57      3.78         
1961M05      2.29      2.45      2.87      3.23      3.47      3.71         
1961M06      2.33      2.54      3.06      3.63      3.81      3.88         
1961M07      2.24      2.45      2.92      3.59      3.84      3.92         
1961M08      2.39      2.66      3.06      3.76      3.96      4.04         
1961M09      2.28      2.68      3.06      3.73       3.9      3.98         
1961M10       2.3      2.66      3.05      3.62       3.8      3.92         
1961M11      2.48       2.7      3.07      3.61      3.82      3.94         
1961M12       2.6      2.88      3.18      3.72      3.91      4.06         
1962M01      2.72      2.94      3.28      3.76      3.94      4.08         
1962M02      2.73      2.93      3.28      3.69      3.89      4.04         
1962M03      2.72      2.87      3.06      3.45      3.68      3.93         
1962M04      2.73      2.83      2.99      3.38       3.6      3.84         
1962M05      2.69      2.78      3.03       3.4      3.66      3.87         
1962M06      2.73       2.8      3.03      3.39      3.64      3.91         
1962M07      2.92      3.08      3.29      3.62       3.8      4.01         
1962M08      2.82      2.99       3.2      3.46      3.71      3.98         
1962M09      2.78      2.93      3.06      3.41       3.7      3.98         
1962M10      2.74      2.84      2.98      3.33      3.64      3.93         
1962M11      2.83      2.89         3       3.4       3.6      3.92         
1962M12      2.87      2.91      3.01      3.37      3.56      3.86         
1963M01      2.91      2.96      3.04       3.4      3.58      3.83         
1963M02      2.92      2.98      3.01      3.39      3.66      3.92         
1963M03      2.89      2.95      3.03      3.41      3.68      3.93         
1963M04       2.9      2.98      3.11       3.5      3.74      3.97         
1963M05      2.93      3.01      3.12      3.54      3.72      3.93         
1963M06      2.99      3.08       3.2      3.61      3.81      3.99         
1963M07      3.18      3.31      3.48      3.76      3.89      4.02         
1963M08      3.32      3.44      3.53      3.77      3.89         4         
1963M09      3.38       3.5      3.57      3.82      3.96      4.08         
1963M10      3.45      3.58      3.64      3.87      3.97      4.11         
1963M11      3.52      3.65      3.74      3.95      4.01      4.12         
1963M12      3.52      3.66      3.81      4.01      4.04      4.13         
1964M01      3.52      3.64      3.79      4.04      4.07      4.17         
1964M02      3.53      3.67      3.78         4      4.03      4.15         
1964M03      3.54      3.72      3.91      4.12      4.14      4.22         
1964M04      3.47      3.66      3.91      4.15      4.15      4.23         
1964M05      3.48       3.6      3.84      4.04      4.05       4.2         
1964M06      3.48      3.56      3.83      4.01      4.02      4.17         
1964M07      3.46      3.56      3.72      3.93      4.03      4.19         
1964M08       3.5      3.61      3.74      3.93      4.05      4.19         
1964M09      3.53      3.68      3.84      4.01      4.08       4.2         
1964M10      3.57      3.72      3.86      4.02      4.07      4.19         
1964M11      3.64      3.81      3.91      4.04      4.04      4.15         
1964M12      3.84      3.95      4.02      4.08      4.09      4.18         
1965M01      3.81      3.94      3.94      4.03       4.1      4.19         
1965M02      3.93         4      4.03      4.08      4.15      4.21         
1965M03      3.93         4      4.06      4.13      4.15      4.21         
1965M04      3.93      3.99      4.04      4.12      4.15       4.2         
1965M05      3.89      3.95      4.03      4.11      4.15      4.21         
1965M06       3.8      3.86      3.99      4.08      4.15      4.21         
1965M07      3.84       3.9      3.98      4.09      4.15       4.2         
1965M08      3.84      3.95      4.07      4.16       4.2      4.25         
1965M09      3.92      4.07       4.2      4.24      4.25      4.29         
1965M10      4.03      4.19       4.3      4.33      4.34      4.35         
1965M11      4.09      4.24      4.37      4.45      4.46      4.45         
1965M12      4.38      4.55      4.72      4.79      4.72      4.62         
1966M01      4.59      4.71      4.88       4.9      4.86      4.61         
1966M02      4.65      4.82      4.94      5.02      4.98      4.83         
1966M03      4.59      4.78      4.97      4.97      4.92      4.87         
1966M04      4.62      4.74       4.9      4.89      4.83      4.75         
1966M05      4.64      4.81      4.93         5      4.89      4.78         
1966M06       4.5      4.65      4.97      5.05      4.97      4.81         
1966M07       4.8      4.93      5.17      5.26      5.17      5.02         
1966M08      4.96      5.27      5.54      5.68       5.5      5.22         
1966M09      5.37      5.79      5.82      5.79       5.5      5.18         
1966M10      5.35      5.62      5.58      5.48      5.27      5.01         
1966M11      5.32      5.54      5.54      5.53      5.36      5.16         
1966M12      4.96      5.07       5.2      5.19         5      4.84         
1967M01      4.72      4.74      4.75      4.75       4.7      4.58         
1967M02      4.56      4.59      4.71      4.73      4.74      4.63         
1967M03      4.26      4.22      4.35      4.47      4.54      4.54         
1967M04      3.84      3.89      4.11      4.38      4.51      4.59         
1967M05       3.6       3.8      4.15      4.61      4.75      4.85         
1967M06      3.54      3.89      4.48      4.89      5.01      5.02         
1967M07      4.21      4.72      5.01      5.06      5.23      5.16         
1967M08      4.27      4.83      5.13      5.23      5.31      5.28         
1967M09      4.42      4.96      5.24      5.41       5.4       5.3         
1967M10      4.56      5.07      5.37      5.52      5.57      5.48         
1967M11      4.73      5.25      5.61      5.71      5.78      5.75         
1967M12      4.97      5.49      5.71      5.71      5.75       5.7         
1968M01         5      5.24      5.43      5.53      5.54      5.53         
1968M02      4.98      5.17      5.41      5.61      5.59      5.56         
1968M03      5.17      5.33      5.58       5.8      5.76      5.74         
1968M04      5.38      5.49      5.71      5.75      5.69      5.64         
1968M05      5.66      5.83      6.14      6.11      6.04      5.87         
1968M06      5.52      5.64      5.98      5.82      5.85      5.72         
1968M07      5.31      5.41      5.65      5.54       5.6       5.5         
1968M08      5.09      5.23      5.43      5.42       5.5      5.42         
1968M09      5.19      5.25      5.45      5.39      5.48      5.46         
1968M10      5.35      5.41      5.57      5.52      5.55      5.58         
1968M11      5.45       5.6      5.75      5.57      5.66       5.7         
1968M12      5.96      6.06      6.19      6.16      6.12      6.03         
1969M01      6.14      6.28      6.34      6.22      6.25      6.04         
1969M02      6.12       6.3      6.41      6.32      6.34      6.19         
1969M03      6.02      6.16      6.34      6.38      6.41       6.3         
1969M04      6.11      6.13      6.26      6.25       6.3      6.17         
1969M05      6.04      6.15      6.42      6.51      6.54      6.32         
1969M06      6.44      6.75      7.04      6.83      6.75      6.57         
1969M07         7      7.24       7.6      7.31      7.01      6.72         
1969M08      6.98      7.19      7.54      7.29      7.03      6.69         
1969M09      7.09      7.32      7.82      7.77      7.57      7.16         
1969M10         7      7.29      7.64      7.57      7.51       7.1         
1969M11      7.24      7.62      7.89      7.65      7.53      7.14         
1969M12      7.82       7.9      8.17       8.1      7.96      7.65         
1970M01      7.87      7.78       8.1      8.24      8.17      7.79         
1970M02      7.13      7.22      7.59      7.79      7.82      7.24         
1970M03      6.63      6.58      6.97      7.15      7.21      7.07         
1970M04      6.51       6.6      7.06      7.39       7.5      7.39         
1970M05      6.84      7.02      7.75      7.94      7.97      7.91         
1970M06      6.68      6.86      7.55      7.84      7.85      7.84         
1970M07      6.45      6.51       7.1      7.56      7.59      7.46         
1970M08      6.41      6.55      6.98      7.46      7.57      7.53         
1970M09      6.12      6.46      6.73      7.11      7.29      7.39         
1970M10      5.91      6.21      6.43      6.96      7.12      7.33         
1970M11      5.28      5.42      5.51      6.25      6.47      6.84         
1970M12      4.87      4.89         5      5.75      5.95      6.39         
1971M01      4.44      4.47      4.57      5.61      5.89      6.24         
1971M02       3.7      3.78      3.89      5.07      5.56      6.11         
1971M03      3.38       3.5      3.69       4.5         5       5.7         
1971M04      3.86      4.03       4.3      5.22      5.65      5.83         
1971M05      4.14      4.36      5.04      5.97      6.28      6.39         
1971M06      4.75      4.97      5.64      6.32      6.53      6.52         
1971M07       5.4      5.63      6.04      6.74      6.85      6.73         
1971M08      4.94      5.22       5.8      6.35      6.55      6.58         
1971M09      4.69      4.97      5.41      5.89      6.14      6.14         
1971M10      4.46       4.6      4.91      5.56      5.93      5.93         
1971M11      4.22      4.38      4.67      5.35      5.78      5.81         
1971M12      4.01      4.23       4.6      5.27      5.69      5.93         
1972M01      3.38      3.66      4.28      5.14      5.59      5.95         
1972M02       3.2      3.63      4.27      5.25      5.69      6.08         
1972M03      3.73      4.12      4.67      5.56      5.87      6.07         
1972M04      3.71      4.23      4.96      5.88      6.17      6.19         
1972M05      3.69      4.12      4.64      5.55      5.85      6.13         
1972M06      3.91      4.35      4.93      5.64      5.91      6.11         
1972M07      3.98       4.5      4.96      5.78      5.97      6.11         
1972M08      4.02      4.55      4.98      5.79      6.02      6.21         
1972M09      4.66      5.13      5.52      6.06      6.25      6.55         
1972M10      4.74      5.13      5.52      6.05      6.18      6.48         
1972M11      4.78      5.09      5.27      5.94      6.12      6.28         
1972M12      5.07       5.3      5.52      6.01      6.16      6.36         
1973M01      5.41      5.62      5.89      6.27      6.34      6.46         
1973M02       5.6      5.83      6.19      6.58       6.6      6.64         
1973M03      6.09      6.51      6.85      6.86       6.8      6.71         
1973M04      6.26      6.52      6.85      6.78      6.67      6.67         
1973M05      6.36      6.62      6.89      6.83       6.8      6.85         
1973M06      7.19      7.23      7.31      6.84      6.69       6.9         
1973M07      8.01      8.12      8.39      7.54      7.33      7.13         
1973M08      8.67      8.65      8.82      7.89      7.63       7.4         
1973M09      8.29      8.45      8.31      7.25      7.05      7.09         
1973M10      7.22      7.32       7.4      6.81      6.77      6.79         
1973M11      7.83      7.96      7.57         7      6.92      6.73         
1973M12      7.45      7.56      7.27      6.81       6.8      6.74         
1974M01      7.77      7.65      7.42      6.96      6.95      6.99         
1974M02      7.12      6.96      6.88      6.76      6.82      6.96         
1974M03      7.96      7.83      7.76      7.35      7.31      7.21         
1974M04      8.33      8.32      8.62      8.05      7.92      7.51         
1974M05      8.23       8.4      8.78      8.27      8.18      7.58         
1974M06       7.9      8.12      8.67      8.15       8.1      7.54         
1974M07      7.55      7.94       8.8      8.41      8.38      7.81         
1974M08      8.96      9.11      9.36      8.66      8.63      8.04         
1974M09      8.06      8.53      8.87      8.41      8.37      8.04         
1974M10      7.46      7.74      8.05         8      7.97       7.9         
1974M11      7.47      7.52      7.66      7.61      7.68      7.68         
1974M12      7.15      7.11      7.31      7.24      7.31      7.43         
1975M01      6.26      6.36      6.83      7.23      7.41       7.5         
1975M02       5.5      5.62      5.98      6.65      7.11      7.39         
1975M03      5.49      5.62      6.11      6.81       7.3      7.73         
1975M04      5.61         6       6.9      7.76      7.99      8.23         
1975M05      5.23      5.59      6.39      7.39      7.72      8.06         
1975M06      5.34      5.61      6.29      7.17      7.51      7.86         
1975M07      6.13       6.5      7.11      7.72      7.92      8.06         
1975M08      6.44      6.94       7.7      8.16      8.33       8.4         
1975M09      6.42      6.92      7.75      8.29      8.37      8.43         
1975M10      5.96      6.25      6.95      7.81      7.97      8.14         
1975M11      5.48       5.8      6.49      7.46       7.8      8.05         
1975M12      5.44      5.85       6.6      7.43      7.76         8         
1976M01      4.87      5.14      5.81      6.99      7.46      7.74         
1976M02      4.88       5.2      5.91      7.06      7.45      7.79         
1976M03         5      5.44      6.21      7.13      7.49      7.73         
1976M04      4.86      5.18      5.92      6.84      7.25      7.56         
1976M05       5.2      5.62       6.4      7.27      7.59       7.9         
1976M06      5.41      5.77      6.52      7.31      7.61      7.86         
1976M07      5.23      5.53       6.2      7.12      7.49      7.83         
1976M08      5.14       5.4         6      6.86      7.31      7.77         
1976M09      5.08       5.3      5.84      6.66      7.13      7.59         
1976M10      4.92      5.06       5.5      6.24      6.75      7.41         
1976M11      4.75      4.88      5.29      6.09      6.52      7.29         
1976M12      4.35      4.51      4.89      5.68       6.1      6.87         
1977M01      4.62      4.83      5.29      6.22      6.58      7.21         
1977M02      4.67       4.9      5.47      6.44      6.83      7.39         
1977M03       4.6      4.88       5.5      6.47      6.93      7.46         
1977M04      4.54       4.8      5.44      6.31      6.79      7.37         
1977M05      4.96       5.2      5.84      6.55      6.94      7.46         
1977M06      5.02      5.21       5.8      6.39      6.76      7.28         
1977M07      5.19       5.4      5.94      6.51      6.84      7.33         
1977M08      5.49      5.83      6.37      6.79      7.03       7.4         
1977M09      5.81      6.04      6.53      6.84      7.04      7.34         
1977M10      6.16      6.43      6.97      7.19      7.32      7.52         
1977M11       6.1      6.41      6.95      7.22      7.34      7.58         
1977M12      6.07       6.4      6.96       7.3      7.48      7.69         
1978M01      6.44       6.7      7.28      7.61      7.77      7.96         
1978M02      6.45      6.74      7.34      7.67      7.83      8.03         
1978M03      6.29      6.63      7.31       7.7      7.86      8.04         
1978M04      6.29      6.73      7.45      7.85      7.98      8.15         
1978M05      6.41      7.02      7.82      8.07      8.18      8.35         
1978M06      6.73      7.23      8.09       8.3      8.36      8.46         
1978M07      7.01      7.44      8.39      8.54      8.54      8.64         
1978M08      7.08      7.37      8.31      8.33      8.33      8.41         
1978M09      7.85      7.99      8.64      8.41      8.43      8.42         
1978M10      7.99      8.55      9.14      8.62      8.61      8.64         
1978M11      8.64      9.24     10.01      9.04      8.84      8.81         
1978M12      9.08      9.36      10.3      9.33      9.08      9.01         
1979M01      9.35      9.47     10.41       9.5       9.2       9.1         
1979M02      9.32      9.41     10.24      9.29      9.13       9.1         
1979M03      9.48      9.47     10.25      9.38       9.2      9.12         
1979M04      9.46      9.49     10.12      9.43      9.25      9.18         
1979M05      9.61      9.54     10.12      9.42      9.24      9.25         
1979M06      9.06      9.06      9.57      8.95      8.85      8.91         
1979M07      9.24      9.24      9.64      8.94       8.9      8.95         
1979M08      9.52      9.49      9.98      9.14      9.06      9.03         
1979M09     10.26      10.2     10.84      9.69      9.41      9.33         
1979M10      11.7     11.66     12.44     10.95     10.63      10.3         
1979M11     11.79     11.82     12.39     11.18     10.93     10.65         
1979M12     12.04     11.84     11.98     10.71     10.42     10.39         
1980M01        12     11.84     12.06     10.88     10.74      10.8         
1980M02     12.86     12.86     13.92     12.84      12.6     12.41         
1980M03      15.2     15.03     15.82     14.05     13.47     12.75         
1980M04      13.2     12.88      13.3     12.02     11.84     11.47         
1980M05      8.58      8.65      9.39      9.44      9.95     10.18         
1980M06      7.07       7.3      8.16      8.91      9.21      9.78         
1980M07      8.06      8.06      8.65      9.27      9.53     10.25         
1980M08      9.13      9.41     10.24     10.63     10.84      11.1         
1980M09     10.27     10.57     11.52     11.57     11.62     11.51         
1980M10     11.62     11.63     12.49     12.01     11.86     11.75         
1980M11     13.73      13.5     14.15     13.31     12.83     12.68         
1980M12     15.49     14.64     14.88     13.65     13.25     12.84         
1981M01     15.02     14.08     14.08     13.01     12.77     12.57         
1981M02     14.79     14.05     14.57     13.65     13.41     13.19         
1981M03     13.36     12.81     13.71     13.51     13.41     13.12         
1981M04     13.69     13.45     14.32     14.09     13.99     13.68         
1981M05      16.3     15.29      16.2     15.08     14.63      14.1         
1981M06     14.73     14.09     14.86     14.29     13.95     13.47         
1981M07     14.95     14.74     15.72     15.15     14.79     14.28         
1981M08     15.51     15.52     16.72        16     15.56     14.94         
1981M09      14.7     14.92     16.52     16.22     15.93     15.32         
1981M10     13.54     13.82     15.38      15.5     15.41     15.15         
1981M11     10.86      11.3     12.41     13.11     13.38     13.39         
1981M12     10.85     11.52     12.85     13.66      13.6     13.72         
1982M01     12.28     12.83     14.32     14.64     14.65     14.59         
1982M02     13.48     13.61     14.73     14.73     14.54     14.43         
1982M03     12.68     12.77     13.95     14.13     13.98     13.86         
1982M04      12.7      12.8     13.98     14.18        14     13.87         
1982M05     12.09     12.16     13.34     13.77     13.75     13.62         
1982M06     12.47      12.7     14.07     14.48     14.43      14.3         
1982M07     11.35     11.88     13.24        14     14.07     13.95         
1982M08      8.68      9.88     11.43     12.62        13     13.06         
1982M09      7.92      9.37     10.85     12.03     12.25     12.34         
1982M10      7.71      8.29      9.32     10.62      10.8     10.91         
1982M11      8.07      8.34      9.16      9.98     10.38     10.55         
1982M12      7.94      8.16      8.91      9.88     10.22     10.54         
1983M01      7.86      7.93      8.62      9.64     10.03     10.46         
1983M02      8.11      8.23      8.92      9.91     10.26     10.72         
1983M03      8.35      8.37      9.04      9.84     10.08     10.51         
1983M04      8.21       8.3      8.98      9.76     10.02      10.4         
1983M05      8.19      8.22       8.9      9.66     10.03     10.38         
1983M06      8.79      8.89      9.66     10.32     10.63     10.85         
1983M07      9.08      9.26      10.2      10.9     11.21     11.38         
1983M08      9.34      9.51     10.53      11.3     11.63     11.85         
1983M09         9      9.15     10.16     11.07     11.43     11.65         
1983M10      8.64      8.83      9.81     10.87     11.28     11.54         
1983M11      8.76      8.93      9.94     10.96     11.41     11.69         
1983M12         9      9.17     10.11     11.13     11.54     11.83         
1984M01       8.9      9.01       9.9     10.93     11.37     11.67         
1984M02      9.09      9.18     10.04     11.05     11.54     11.84         
1984M03      9.52      9.66     10.59     11.59     12.02     12.32         
1984M04      9.69      9.84      10.9     11.98     12.37     12.63         
1984M05      9.83     10.31     11.66     12.75     13.17     13.41         
1984M06      9.87     10.51     12.08     13.18     13.48     13.56         
1984M07     10.12     10.52     12.03     13.08     13.27     13.36         
1984M08     10.47     10.61     11.82      12.5     12.68     12.72         
1984M09     10.37     10.47     11.58     12.34     12.53     12.52         
1984M10      9.74      9.87      10.9     11.85     12.06     12.16         
1984M11      8.61      8.81      9.82      10.9     11.33     11.57         
1984M12      8.06      8.28      9.33     10.56     11.07      11.5         
1985M01      7.76         8      9.02     10.43     10.93     11.38         
1985M02      8.27      8.39      9.29     10.55     11.13     11.51         
1985M03      8.52       8.9      9.86     11.05     11.52     11.86         
1985M04      7.95      8.23      9.14     10.49     11.01     11.43         
1985M05      7.48      7.65      8.46      9.75     10.34     10.85         
1985M06      6.95      7.09       7.8      9.05       9.6     10.16         
1985M07      7.08       7.2      7.86      9.18       9.7     10.31         
1985M08      7.14      7.32      8.05      9.31      9.81     10.33         
1985M09       7.1      7.27      8.07      9.37      9.81     10.37         
1985M10      7.16      7.33      8.01      9.25      9.69     10.24         
1985M11      7.24       7.3      7.88      8.88      9.28      9.78         
1985M12       7.1      7.14      7.67       8.4      8.73      9.26         
1986M01      7.07      7.16      7.73      8.41      8.68      9.19         
1986M02      7.06      7.11      7.61       8.1      8.34       8.7         
1986M03      6.56      6.57      7.03       7.3      7.46      7.78         
1986M04      6.06      6.08      6.44      6.86      7.05       7.3         
1986M05      6.15      6.19      6.65      7.27      7.52      7.71         
1986M06      6.21      6.27      6.73      7.41      7.64       7.8         
1986M07      5.83      5.86      6.27      6.86      7.06       7.3         
1986M08      5.53      5.55      5.93      6.49       6.8      7.17         
1986M09      5.21      5.35      5.77      6.62      6.92      7.45         
1986M10      5.18      5.26      5.72      6.56      6.83      7.43         
1986M11      5.35      5.41       5.8      6.46      6.76      7.25         
1986M12      5.53      5.55      5.87      6.43      6.67      7.11         
1987M01      5.43      5.44      5.78      6.41      6.64      7.08         
1987M02      5.59      5.59      5.96      6.56      6.79      7.25         
1987M03      5.59       5.6      6.03      6.58      6.79      7.25         
1987M04      5.64       5.9       6.5      7.32      7.57      8.02         
1987M05      5.66      6.05         7      8.02      8.26      8.61         
1987M06      5.67      5.99       6.8      7.82      8.02       8.4         
1987M07      5.69      5.76      6.68      7.74      8.01      8.45         
1987M08      6.04      6.15      7.03      8.03      8.32      8.76         
1987M09       6.4      6.64      7.67      8.67      8.94      9.42         
1987M10      6.13      6.69      7.59      8.75      9.08      9.52         
1987M11      5.69      6.19      6.96      7.99      8.35      8.86         
1987M12      5.77      6.36      7.17      8.13      8.45      8.99         
1988M01      5.81      6.25      6.99      7.87      8.18      8.67         
1988M02      5.66      5.93      6.64      7.38      7.71      8.21         
1988M03       5.7      5.91      6.71       7.5      7.83      8.37         
1988M04      5.91      6.21      7.01      7.83      8.19      8.72         
1988M05      6.26      6.56       7.4      8.24      8.58      9.09         
1988M06      6.46      6.71      7.49      8.22      8.49      8.92         
1988M07      6.73      6.99      7.75      8.44      8.66      9.06         
1988M08      7.06      7.39      8.17      8.77      8.94      9.26         
1988M09      7.24      7.43      8.09      8.57      8.69      8.98         
1988M10      7.35       7.5      8.11      8.43      8.51       8.8         
1988M11      7.76      7.86      8.48      8.72      8.79      8.96         
1988M12      8.07      8.22      8.99      9.11      9.09      9.11         
1989M01      8.27      8.36      9.05       9.2      9.15      9.09         
1989M02      8.53      8.55      9.25      9.32      9.27      9.17         
1989M03      8.82      8.85      9.57      9.61      9.51      9.36         
1989M04      8.65      8.65      9.36       9.4       9.3      9.18         
1989M05      8.43      8.41      8.98      8.98      8.91      8.86         
1989M06      8.15      7.93      8.44      8.37      8.29      8.28         
1989M07      7.88      7.61      7.89      7.83      7.83      8.02         
1989M08       7.9      7.74      8.18      8.13      8.09      8.11         
1989M09      7.75      7.74      8.22      8.26      8.17      8.19         
1989M10      7.64      7.62      7.99      8.02      7.97      8.01         
1989M11      7.69      7.49      7.77       7.8      7.81      7.87         
1989M12      7.63      7.42      7.72      7.77      7.75      7.84         
1990M01      7.64      7.55      7.92      8.13      8.12      8.21         
1990M02      7.74       7.7      8.11      8.39      8.42      8.47         
1990M03       7.9      7.85      8.35      8.63       8.6      8.59         
1990M04      7.77      7.84       8.4      8.78      8.77      8.79         
1990M05      7.74      7.76      8.32      8.69      8.74      8.76         
1990M06      7.73      7.63       8.1       8.4      8.43      8.48         
1990M07      7.62      7.52      7.94      8.26      8.33      8.47         
1990M08      7.45      7.38      7.78      8.22      8.44      8.75         
1990M09      7.36      7.32      7.76      8.27      8.51      8.89         
1990M10      7.17      7.16      7.55      8.07      8.33      8.72         
1990M11      7.06      7.03      7.31      7.74      8.02      8.39         
1990M12      6.74       6.7      7.05      7.47      7.73      8.08         
1991M01      6.22      6.28      6.64      7.38       7.7      8.09         
1991M02      5.94      5.93      6.27      7.08      7.47      7.85         
1991M03      5.91      5.92       6.4      7.35      7.77      8.11         
1991M04      5.65      5.71      6.24      7.23       7.7      8.04         
1991M05      5.46      5.61      6.13      7.12       7.7      8.07         
1991M06      5.57      5.75      6.36      7.39      7.94      8.28         
1991M07      5.58       5.7      6.31      7.38      7.91      8.27         
1991M08      5.33      5.39      5.78       6.8      7.43       7.9         
1991M09      5.22      5.25      5.57       6.5      7.14      7.65         
1991M10      4.99      5.04      5.33      6.23      6.87      7.53         
1991M11      4.56      4.61      4.89       5.9      6.62      7.42         
1991M12      4.07       4.1      4.38      5.39      6.19      7.09         
1992M01       3.8      3.87      4.15       5.4      6.24      7.03         
1992M02      3.84      3.93      4.29      5.72      6.58      7.34         
1992M03      4.04      4.18      4.63      6.18      6.95      7.54         
1992M04      3.75      3.87       4.3      5.93      6.78      7.48         
1992M05      3.63      3.75      4.19      5.81      6.69      7.39         
1992M06      3.66      3.77      4.17       5.6      6.48      7.26         
1992M07      3.21      3.28       3.6      4.91      5.84      6.84         
1992M08      3.13      3.21      3.47      4.72       5.6      6.59         
1992M09      2.91      2.96      3.18      4.42      5.38      6.42         
1992M10      2.86      3.04       3.3      4.64       5.6      6.59         
1992M11      3.13      3.34      3.68      5.14      6.04      6.87         
1992M12      3.22      3.36      3.71      5.21      6.08      6.77         
1993M01         3      3.14       3.5      4.93      5.83       6.6         
1993M02      2.93      3.07      3.39      4.58      5.43      6.26         
1993M03      2.95      3.05      3.33       4.4      5.19      5.98         
1993M04      2.87      2.97      3.24       4.3      5.13      5.97         
1993M05      2.96      3.07      3.36       4.4       5.2      6.04         
1993M06      3.07       3.2      3.54      4.53      5.22      5.96         
1993M07      3.04      3.16      3.47      4.43      5.09      5.81         
1993M08      3.02      3.14      3.44      4.36      5.03      5.68         
1993M09      2.95      3.06      3.36      4.17      4.73      5.36         
1993M10      3.02      3.12      3.39      4.18      4.71      5.33         
1993M11       3.1      3.26      3.58       4.5      5.06      5.72         
1993M12      3.06      3.23      3.61      4.54      5.15      5.77         
1994M01      2.98      3.15      3.54      4.48      5.09      5.75         
1994M02      3.25      3.43      3.87      4.83       5.4      5.97         
1994M03       3.5      3.78      4.32       5.4      5.94      6.48         
1994M04      3.68      4.09      4.82      5.99      6.52      6.97         
1994M05      4.14       4.6      5.31      6.34      6.78      7.18         
1994M06      4.14      4.55      5.27      6.27       6.7       7.1         
1994M07      4.33      4.75      5.48      6.48      6.91       7.3         
1994M08      4.48      4.88      5.56       6.5      6.88      7.24         
1994M09      4.62      5.04      5.76      6.69      7.08      7.46         
1994M10      4.95      5.39      6.11      7.04       7.4      7.74         
1994M11      5.29      5.72      6.54      7.44      7.72      7.96         
1994M12       5.6      6.21      7.14      7.71      7.78      7.81         
1995M01      5.71      6.21      7.05      7.66      7.76      7.78         
1995M02      5.77      6.03       6.7      7.25      7.37      7.47         
1995M03      5.73      5.89      6.43      6.89      7.05       7.2         
1995M04      5.65      5.77      6.27      6.68      6.86      7.06         
1995M05      5.67      5.67         6      6.27      6.41      6.63         
1995M06      5.47      5.42      5.64       5.8      5.93      6.17         
1995M07      5.42      5.37      5.59      5.89      6.01      6.28         
1995M08       5.4      5.41      5.75       6.1      6.24      6.49         
1995M09      5.28       5.3      5.62      5.89         6       6.2         
1995M10      5.28      5.32      5.59      5.77      5.86      6.04         
1995M11      5.36      5.27      5.43      5.57      5.69      5.93         
1995M12      5.14      5.13      5.31      5.39      5.51      5.71         
1996M01         5      4.92      5.09       5.2      5.36      5.65         
1996M02      4.83      4.77      4.94      5.14      5.38      5.81         
1996M03      4.96      4.96      5.34      5.79      5.97      6.27         
1996M04      4.95      5.06      5.54      6.11       6.3      6.51         
1996M05      5.02      5.12      5.64      6.27      6.48      6.74         
1996M06      5.09      5.25      5.81      6.49      6.69      6.91         
1996M07      5.15       5.3      5.85      6.45      6.64      6.87         
1996M08      5.05      5.13      5.67      6.21      6.39      6.64         
1996M09      5.09      5.24      5.83      6.41       6.6      6.83         
1996M10      4.99      5.11      5.55      6.08      6.27      6.53         
1996M11      5.03      5.07      5.42      5.82      5.97       6.2         
1996M12      4.91      5.04      5.47      5.91      6.07       6.3         
1997M01      5.03       5.1      5.61      6.16      6.33      6.58         
1997M02      5.01      5.06      5.53      6.03       6.2      6.42         
1997M03      5.14      5.26       5.8      6.38      6.54      6.69         
1997M04      5.16      5.37      5.99      6.61      6.76      6.89         
1997M05      5.05       5.3      5.87      6.42      6.57      6.71         
1997M06      4.93      5.13      5.69      6.24      6.38      6.49         
1997M07      5.05      5.12      5.54         6      6.12      6.22         
1997M08      5.14      5.19      5.56      6.06      6.16       6.3         
1997M09      4.95      5.09      5.52      5.98      6.11      6.21         
1997M10      4.97      5.09      5.46      5.84      5.93      6.03         
1997M11      5.14      5.17      5.46      5.76       5.8      5.88         
1997M12      5.16      5.24      5.53      5.74      5.77      5.81         
1998M01      5.04      5.03      5.24      5.38      5.42      5.54         
1998M02      5.09      5.07      5.31      5.43      5.49      5.57         
1998M03      5.03      5.04      5.39      5.57      5.61      5.65         
1998M04      4.95      5.06      5.38      5.58      5.61      5.64         
1998M05         5      5.14      5.44      5.61      5.63      5.65         
1998M06      4.98      5.12      5.41      5.52      5.52       5.5         
1998M07      4.96      5.03      5.36      5.47      5.46      5.46         
1998M08       4.9      4.95      5.21      5.24      5.27      5.34         
1998M09      4.61      4.63      4.71      4.62      4.62      4.81         
1998M10      3.96      4.05      4.12      4.18      4.18      4.53         
1998M11      4.41      4.42      4.53      4.57      4.54      4.83         
1998M12      4.39       4.4      4.52      4.48      4.45      4.65         
1999M01      4.34      4.33      4.51      4.61       4.6      4.72         
1999M02      4.44      4.44       4.7       4.9      4.91         5         
1999M03      4.44      4.47      4.78      5.11      5.14      5.23         
1999M04      4.29      4.37      4.69      5.03      5.08      5.18         
1999M05       4.5      4.56      4.85      5.33      5.44      5.54         
1999M06      4.57      4.82       5.1       5.7      5.81       5.9         
1999M07      4.55      4.58      5.03      5.62      5.68      5.79         
1999M08      4.72      4.87       5.2      5.77      5.84      5.94         
1999M09      4.68      4.88      5.25      5.75       5.8      5.92         
1999M10      4.86      4.98      5.43      5.94      6.03      6.11         
1999M11      5.07       5.2      5.55      5.92      5.97      6.03         
1999M12       5.2      5.44      5.84      6.14      6.19      6.28         
2000M01      5.32       5.5      6.12      6.49      6.58      6.66         
2000M02      5.55      5.72      6.22      6.65      6.68      6.52         
2000M03      5.69      5.85      6.22      6.53       6.5      6.26         
2000M04      5.66      5.81      6.15      6.36      6.26      5.99         
2000M05      5.79       6.1      6.33      6.77      6.69      6.44         
2000M06      5.69      5.97      6.17      6.43       6.3       6.1         
2000M07      5.96         6      6.08      6.28      6.18      6.05         
2000M08      6.09      6.07      6.18      6.17      6.06      5.83         
2000M09         6      5.98      6.13      6.02      5.93       5.8         
2000M10      6.11      6.04      6.01      5.85      5.78      5.74         
2000M11      6.17      6.06      6.09      5.79       5.7      5.72         
2000M12      5.77      5.68       5.6      5.26      5.17      5.24         
2001M01      5.15      4.95      4.81      4.77      4.86      5.16         
2001M02      4.88      4.71      4.68      4.71      4.89       5.1         
2001M03      4.42      4.28       4.3      4.43      4.64      4.89         
2001M04      3.87      3.85      3.98      4.42      4.76      5.14         
2001M05      3.62      3.62      3.78      4.51      4.93      5.39         
2001M06      3.49      3.45      3.58      4.35      4.81      5.28         
2001M07      3.51      3.45      3.62      4.31      4.76      5.24         
2001M08      3.36      3.29      3.47      4.04      4.57      4.97         
2001M09      2.64      2.63      2.82      3.45      4.12      4.73         
2001M10      2.16      2.12      2.33      3.14      3.91      4.57         
2001M11      1.87      1.88      2.18      3.22      3.97      4.65         
2001M12      1.69      1.78      2.22      3.62      4.39      5.09         
2002M01      1.65      1.73      2.16      3.56      4.34      5.04         
2002M02      1.73      1.82      2.23      3.55       4.3      4.91         
2002M03      1.79      2.01      2.57      4.14      4.74      5.28         
2002M04      1.72      1.93      2.48      4.01      4.65      5.21         
2002M05      1.73      1.86      2.35       3.8      4.49      5.16         
2002M06       1.7      1.79       2.2      3.49      4.19      4.93         
2002M07      1.68       1.7      1.96      3.01      3.81      4.65         
2002M08      1.62       1.6      1.76      2.52      3.29      4.26         
2002M09      1.63       1.6      1.72      2.32      2.94      3.87         
2002M10      1.58      1.56      1.65      2.25      2.95      3.94         
2002M11      1.23      1.27      1.49      2.32      3.05      4.05         
2002M12      1.19      1.24      1.45      2.23      3.03      4.03         
2003M01      1.17       1.2      1.36      2.18      3.05      4.05         
2003M02      1.17      1.18       1.3      2.05       2.9       3.9         
2003M03      1.13      1.13      1.24      1.98      2.78      3.81         
2003M04      1.13      1.14      1.27      2.06      2.93      3.96         
2003M05      1.07      1.08      1.18      1.75      2.52      3.57         
2003M06      0.92      0.92      1.01      1.51      2.27      3.33         
2003M07       0.9      0.95      1.12      1.93      2.87      3.98         
2003M08      0.95      1.03      1.31      2.44      3.37      4.45         
2003M09      0.94      1.01      1.24      2.23      3.18      4.27         
2003M10      0.92         1      1.25      2.26      3.19      4.29         
2003M11      0.93      1.02      1.34      2.45      3.29       4.3         
2003M12       0.9      0.99      1.31      2.44      3.27      4.27         
2004M01      0.88      0.97      1.24      2.27      3.12      4.15         
2004M02      0.93      0.99      1.24      2.25      3.07      4.08         
2004M03      0.94      0.99      1.19         2      2.79      3.83         
2004M04      0.94      1.09      1.43      2.57      3.39      4.35         
2004M05      1.02      1.31      1.78       3.1      3.85      4.72         
2004M06      1.27       1.6      2.12      3.26      3.93      4.73         
2004M07      1.33      1.66       2.1      3.05      3.69       4.5         
2004M08      1.48      1.72      2.02      2.88      3.47      4.28         
2004M09      1.65      1.87      2.12      2.83      3.36      4.13         
2004M10      1.76         2      2.23      2.85      3.35       4.1         
2004M11      2.07      2.27       2.5      3.09      3.53      4.19         
2004M12      2.19      2.43      2.67      3.21       3.6      4.23         
2005M01      2.33      2.61      2.86      3.39      3.71      4.22         
2005M02      2.54      2.77      3.03      3.54      3.77      4.17         
2005M03      2.74         3       3.3      3.91      4.17       4.5         
2005M04      2.78      3.05      3.32      3.79         4      4.34         
2005M05      2.84      3.08      3.33      3.72      3.85      4.14         
2005M06      2.97      3.13      3.36      3.69      3.77         4         
2005M07      3.22      3.42      3.64      3.91      3.98      4.18         
2005M08      3.44      3.66      3.87      4.08      4.12      4.26         
2005M09      3.42      3.67      3.85      3.96      4.01       4.2         
2005M10      3.71      3.99      4.18      4.29      4.33      4.46         
2005M11      3.88      4.15      4.33      4.43      4.45      4.54         
2005M12      3.89      4.18      4.35      4.39      4.39      4.47         
2006M01      4.24      4.31      4.45      4.35      4.35      4.42         
2006M02      4.43      4.52      4.68      4.64      4.57      4.57         
2006M03      4.51      4.62      4.77      4.74      4.72      4.72         
2006M04       4.6      4.72       4.9      4.89       4.9      4.99         
2006M05      4.72      4.82         5      4.97         5      5.11         
2006M06      4.79      4.97      5.16      5.09      5.07      5.11         
2006M07      4.95      5.06      5.22      5.07      5.04      5.09         
2006M08      4.96      4.97      5.08      4.85      4.82      4.88         
2006M09      4.81      4.89      4.97      4.69      4.67      4.72         
2006M10      4.92      4.92      5.01      4.72      4.69      4.73         
2006M11      4.94      4.95      5.01      4.64      4.58       4.6         
2006M12      4.85      4.88      4.94      4.58      4.53      4.56         
2007M01      4.98      4.95      5.06      4.79      4.75      4.76         
2007M02      5.03      4.96      5.05      4.75      4.71      4.72         
2007M03      4.94      4.89      4.92      4.51      4.48      4.56         
2007M04      4.87      4.86      4.93       4.6      4.59      4.69         
2007M05      4.73      4.78      4.91      4.69      4.67      4.75         
2007M06      4.61      4.76      4.96         5      5.03       5.1         
2007M07      4.82      4.83      4.96      4.82      4.88         5         
2007M08       4.2      4.38      4.47      4.34      4.43      4.67         
2007M09      3.89      4.05      4.14      4.06       4.2      4.52         
2007M10       3.9      4.01       4.1      4.01       4.2      4.53         
2007M11      3.27      3.46       3.5      3.35      3.67      4.15         
2007M12         3      3.23      3.26      3.13      3.49       4.1         
2008M01      2.75      2.75      2.71      2.51      2.98      3.74         
2008M02      2.12      2.04      2.05      2.19      2.78      3.74         
2008M03      1.26      1.48      1.54       1.8      2.48      3.51         
2008M04      1.29      1.55      1.74      2.23      2.84      3.68         
2008M05      1.73      1.82      2.06      2.69      3.15      3.88         
2008M06      1.86      2.13      2.42      3.08      3.49       4.1         
2008M07      1.63      1.93      2.28      2.87       3.3      4.01         
2008M08      1.72      1.92      2.18       2.7      3.14      3.89         
2008M09      1.13      1.61      1.91      2.32      2.88      3.69         
2008M10      0.67       1.2      1.42      1.86      2.73      3.81         
2008M11      0.19      0.73      1.07      1.51      2.29      3.53         
2008M12      0.03      0.26      0.49      1.07      1.52      2.42         
2009M01      0.13       0.3      0.44      1.13       1.6      2.52         
2009M02       0.3      0.45      0.62      1.37      1.87      2.87         
2009M03      0.21      0.42      0.64      1.31      1.82      2.82         
2009M04      0.16      0.35      0.55      1.32      1.86      2.93         
2009M05      0.18       0.3       0.5      1.39      2.13      3.29         
2009M06      0.18      0.31      0.51      1.76      2.71      3.72         
2009M07      0.18      0.27      0.48      1.55      2.46      3.56         
2009M08      0.17      0.26      0.46      1.65      2.57      3.59         
2009M09      0.12      0.21       0.4      1.48      2.37       3.4         
2009M10      0.07      0.16      0.37      1.46      2.33      3.39         
2009M11      0.05      0.15      0.31      1.32      2.23       3.4         
2009M12      0.05      0.17      0.37      1.38      2.34      3.59         
2010M01      0.06      0.15      0.35      1.49      2.48      3.73         
2010M02      0.11      0.18      0.35       1.4      2.36      3.69         
2010M03      0.15      0.22       0.4      1.51      2.43      3.73         
2010M04      0.16      0.24      0.45      1.64      2.58      3.85         
2010M05      0.16      0.22      0.37      1.32      2.18      3.42         
2010M06      0.12      0.19      0.32      1.17         2       3.2         
2010M07      0.16       0.2      0.29      0.98      1.76      3.01         
2010M08      0.16      0.19      0.26      0.78      1.47       2.7         
2010M09      0.15      0.19      0.26      0.74      1.41      2.65         
2010M10      0.13      0.18      0.23      0.57      1.18      2.54         
2010M11      0.14      0.18      0.25      0.67      1.35      2.76         
2010M12      0.14      0.19      0.29      0.99      1.93      3.29         
2011M01      0.15      0.18      0.27      1.03      1.99      3.39         
2011M02      0.13      0.17      0.29      1.28      2.26      3.58         
2011M03       0.1      0.16      0.26      1.17      2.11      3.41         
2011M04      0.06      0.12      0.25      1.21      2.17      3.46         
2011M05      0.04      0.09      0.19      0.94      1.84      3.17         
2011M06      0.04       0.1      0.18      0.71      1.58         3         
2011M07      0.04      0.08      0.19      0.68      1.54         3         
2011M08      0.02      0.06      0.11      0.38      1.02       2.3         
2011M09      0.01      0.04       0.1      0.35       0.9      1.98         
2011M10      0.02      0.05      0.11      0.47      1.06      2.15         
2011M11      0.01      0.05      0.11      0.39      0.91      2.01         
2011M12      0.01      0.05      0.12      0.39      0.89      1.98         
2012M01      0.03      0.07      0.12      0.36      0.84      1.97         
2012M02      0.09      0.12      0.16      0.38      0.83      1.97         
2012M03      0.08      0.14      0.19      0.51      1.02      2.17         
2012M04      0.08      0.14      0.18      0.43      0.89      2.05         
2012M05      0.09      0.15      0.19      0.39      0.76       1.8         
2012M06      0.09      0.15      0.19      0.39      0.71      1.62         
2012M07       0.1      0.15      0.19      0.33      0.62      1.53         
2012M08       0.1      0.14      0.18      0.37      0.71      1.68         
2012M09      0.11      0.14      0.18      0.34      0.67      1.72         
2012M10       0.1      0.15      0.18      0.37      0.71      1.75         
2012M11      0.09      0.14      0.18      0.36      0.67      1.65         
2012M12      0.07      0.12      0.16      0.35       0.7      1.72         
2013M01      0.07      0.11      0.15      0.39      0.81      1.91         
2013M02       0.1      0.12      0.16       0.4      0.85      1.98         
2013M03      0.09      0.11      0.15      0.39      0.82      1.96         
2013M04      0.06      0.09      0.12      0.34      0.71      1.76         
2013M05      0.04      0.08      0.12       0.4      0.84      1.93         
2013M06      0.05      0.09      0.14      0.58       1.2       2.3         
2013M07      0.04      0.07      0.12      0.64       1.4      2.58         
2013M08      0.04      0.07      0.13       0.7      1.52      2.74         
2013M09      0.02      0.04      0.12      0.78       1.6      2.81         
2013M10      0.05      0.08      0.12      0.63      1.37      2.62         
2013M11      0.07       0.1      0.12      0.58      1.37      2.72         
2013M12      0.07       0.1      0.13      0.69      1.58       2.9         
2014M01      0.04      0.07      0.12      0.78      1.65      2.86         
2014M02      0.05      0.08      0.12      0.69      1.52      2.71         
2014M03      0.05      0.08      0.13      0.82      1.64      2.72         
2014M04      0.03      0.05      0.11      0.88       1.7      2.71         
2014M05      0.03      0.05       0.1      0.83      1.59      2.56         
2014M06      0.04      0.06       0.1       0.9      1.68       2.6         
2014M07      0.03      0.06      0.11      0.97       1.7      2.54         
2014M08      0.03      0.05      0.11      0.93      1.63      2.42         
2014M09      0.02      0.04      0.11      1.05      1.77      2.53         
2014M10      0.02      0.05       0.1      0.88      1.55       2.3         
2014M11      0.02      0.07      0.13      0.96      1.62      2.33         
2014M12      0.03      0.11      0.21      1.06      1.64      2.21         
2015M01      0.03      0.08       0.2       0.9      1.37      1.88         
2015M02      0.02      0.07      0.22      0.99      1.47      1.98         
2015M03      0.03      0.11      0.25      1.02      1.52      2.04         
2015M04      0.02      0.09      0.23      0.87      1.35      1.94         
2015M05      0.02      0.08      0.24      0.98      1.54       2.2         
2015M06      0.02      0.09      0.28      1.07      1.68      2.36         
2015M07      0.03      0.12       0.3      1.03      1.63      2.32         
2015M08      0.07      0.22      0.38      1.03      1.54      2.17         
